[BTC]
entry =  8874.57
amount = 1.1268151583682364

[ETH]
entry =  608.995
amount = 16.420496063186068

[LTC]
entry =  147.261
amount = 67.906641948649